{
 "cells": [
  {
   "cell_type": "code",
   "execution_count": 23,
   "metadata": {
    "collapsed": false,
    "scrolled": true
   },
   "outputs": [
    {
     "data": {
      "text/html": [
       "<table class=\"simpletable\">\n",
       "<caption>OLS Regression Results</caption>\n",
       "<tr>\n",
       "  <th>Dep. Variable:</th>           <td>DFS</td>       <th>  R-squared:         </th>  <td>   0.480</td>  \n",
       "</tr>\n",
       "<tr>\n",
       "  <th>Model:</th>                   <td>OLS</td>       <th>  Adj. R-squared:    </th>  <td>   0.480</td>  \n",
       "</tr>\n",
       "<tr>\n",
       "  <th>Method:</th>             <td>Least Squares</td>  <th>  F-statistic:       </th>  <td>   9145.</td>  \n",
       "</tr>\n",
       "<tr>\n",
       "  <th>Date:</th>             <td>Mon, 12 Dec 2016</td> <th>  Prob (F-statistic):</th>   <td>  0.00</td>   \n",
       "</tr>\n",
       "<tr>\n",
       "  <th>Time:</th>                 <td>18:42:17</td>     <th>  Log-Likelihood:    </th> <td>-1.7963e+05</td>\n",
       "</tr>\n",
       "<tr>\n",
       "  <th>No. Observations:</th>      <td> 49535</td>      <th>  AIC:               </th>  <td>3.593e+05</td> \n",
       "</tr>\n",
       "<tr>\n",
       "  <th>Df Residuals:</th>          <td> 49529</td>      <th>  BIC:               </th>  <td>3.593e+05</td> \n",
       "</tr>\n",
       "<tr>\n",
       "  <th>Df Model:</th>              <td>     5</td>      <th>                     </th>      <td> </td>     \n",
       "</tr>\n",
       "<tr>\n",
       "  <th>Covariance Type:</th>      <td>nonrobust</td>    <th>                     </th>      <td> </td>     \n",
       "</tr>\n",
       "</table>\n",
       "<table class=\"simpletable\">\n",
       "<tr>\n",
       "       <td></td>         <th>coef</th>     <th>std err</th>      <th>t</th>      <th>P>|t|</th> <th>[95.0% Conf. Int.]</th> \n",
       "</tr>\n",
       "<tr>\n",
       "  <th>const</th>      <td>  -15.1789</td> <td>    0.208</td> <td>  -73.117</td> <td> 0.000</td> <td>  -15.586   -14.772</td>\n",
       "</tr>\n",
       "<tr>\n",
       "  <th>L3_MIN</th>     <td>    0.3628</td> <td>    0.010</td> <td>   37.844</td> <td> 0.000</td> <td>    0.344     0.382</td>\n",
       "</tr>\n",
       "<tr>\n",
       "  <th>SEASON_MIN</th> <td>    0.4115</td> <td>    0.011</td> <td>   38.590</td> <td> 0.000</td> <td>    0.391     0.432</td>\n",
       "</tr>\n",
       "<tr>\n",
       "  <th>FP_MIN</th>     <td>   23.6866</td> <td>    0.390</td> <td>   60.676</td> <td> 0.000</td> <td>   22.921    24.452</td>\n",
       "</tr>\n",
       "<tr>\n",
       "  <th>SEASON_PER</th> <td>   -0.1787</td> <td>    0.014</td> <td>  -12.684</td> <td> 0.000</td> <td>   -0.206    -0.151</td>\n",
       "</tr>\n",
       "<tr>\n",
       "  <th>L5_PER</th>     <td>    0.0281</td> <td>    0.006</td> <td>    4.854</td> <td> 0.000</td> <td>    0.017     0.039</td>\n",
       "</tr>\n",
       "</table>\n",
       "<table class=\"simpletable\">\n",
       "<tr>\n",
       "  <th>Omnibus:</th>       <td>1701.090</td> <th>  Durbin-Watson:     </th> <td>   1.986</td>\n",
       "</tr>\n",
       "<tr>\n",
       "  <th>Prob(Omnibus):</th>  <td> 0.000</td>  <th>  Jarque-Bera (JB):  </th> <td>2014.636</td>\n",
       "</tr>\n",
       "<tr>\n",
       "  <th>Skew:</th>           <td> 0.420</td>  <th>  Prob(JB):          </th> <td>    0.00</td>\n",
       "</tr>\n",
       "<tr>\n",
       "  <th>Kurtosis:</th>       <td> 3.521</td>  <th>  Cond. No.          </th> <td>    424.</td>\n",
       "</tr>\n",
       "</table>"
      ],
      "text/plain": [
       "<class 'statsmodels.iolib.summary.Summary'>\n",
       "\"\"\"\n",
       "                            OLS Regression Results                            \n",
       "==============================================================================\n",
       "Dep. Variable:                    DFS   R-squared:                       0.480\n",
       "Model:                            OLS   Adj. R-squared:                  0.480\n",
       "Method:                 Least Squares   F-statistic:                     9145.\n",
       "Date:                Mon, 12 Dec 2016   Prob (F-statistic):               0.00\n",
       "Time:                        18:42:17   Log-Likelihood:            -1.7963e+05\n",
       "No. Observations:               49535   AIC:                         3.593e+05\n",
       "Df Residuals:                   49529   BIC:                         3.593e+05\n",
       "Df Model:                           5                                         \n",
       "Covariance Type:            nonrobust                                         \n",
       "==============================================================================\n",
       "                 coef    std err          t      P>|t|      [95.0% Conf. Int.]\n",
       "------------------------------------------------------------------------------\n",
       "const        -15.1789      0.208    -73.117      0.000       -15.586   -14.772\n",
       "L3_MIN         0.3628      0.010     37.844      0.000         0.344     0.382\n",
       "SEASON_MIN     0.4115      0.011     38.590      0.000         0.391     0.432\n",
       "FP_MIN        23.6866      0.390     60.676      0.000        22.921    24.452\n",
       "SEASON_PER    -0.1787      0.014    -12.684      0.000        -0.206    -0.151\n",
       "L5_PER         0.0281      0.006      4.854      0.000         0.017     0.039\n",
       "==============================================================================\n",
       "Omnibus:                     1701.090   Durbin-Watson:                   1.986\n",
       "Prob(Omnibus):                  0.000   Jarque-Bera (JB):             2014.636\n",
       "Skew:                           0.420   Prob(JB):                         0.00\n",
       "Kurtosis:                       3.521   Cond. No.                         424.\n",
       "==============================================================================\n",
       "\n",
       "Warnings:\n",
       "[1] Standard Errors assume that the covariance matrix of the errors is correctly specified.\n",
       "\"\"\""
      ]
     },
     "execution_count": 23,
     "metadata": {},
     "output_type": "execute_result"
    }
   ],
   "source": [
    "# import pymysql\n",
    "import pandas as pd\n",
    "import cx_Oracle\n",
    "import matplotlib.pyplot as plt\n",
    "import numpy as np\n",
    "from sklearn import datasets, linear_model\n",
    "import statsmodels.api as sm\n",
    "import logging\n",
    "\n",
    "oracle_con = cx_Oracle.connect('tylerp/tp323ean@ukudbsh1/ukm25d')\n",
    "oracle_cur = oracle_con.cursor()\n",
    "\n",
    "try:\n",
    "    #player_id = number\n",
    "    oracle_query = \"select * from CORL_BASE where GAME_PER is NOT NULL and L5_PER is NOT NULL  and MIN > 0 order by GDATE\"\n",
    "    oracle_df = pd.read_sql_query(oracle_query,oracle_con)\n",
    "\n",
    "    #print(oracle_df.corr(method='pearson'))  \n",
    "    y = oracle_df['DFS']\n",
    "    X = oracle_df[['L3_MIN','SEASON_MIN','FP_MIN','SEASON_PER','L5_PER']]\n",
    "\n",
    "    X = sm.add_constant(X)\n",
    "    model11 = sm.OLS(y, X,hasconst=None).fit()\n",
    "\n",
    "\n",
    "    #results = pd.DataFrame(model11.params)\n",
    "    #name_df = pd.DataFrame(oracle_df.iloc[0],['PLAYER_ID','NAME'])\n",
    "    #results2 = results.append(name_df)\n",
    "    #rsquared = pd.DataFrame()\n",
    "    #insert_df = results2.append([model11.rsquared])\n",
    "\n",
    "\n",
    "    #insert_statement = '''Insert into PLAYER_EQ (INTERCEPT, MOD1, MOD2, MOD3, MOD4,PLAYER_ID, PLAYER_NAME, RSQ)\n",
    "           #           values (TO_NUMBER(:1),TO_NUMBER(:2),TO_NUMBER(:3),TO_NUMBER(:4),TO_NUMBER(:5),TO_NUMBER(:6),:7,TO_NUMBER(:8))'''\n",
    "\n",
    "   # val1 =' '.join(map(str, insert_df.iloc[0]))\n",
    "   # val2 =' '.join(map(str, insert_df.iloc[1]))\n",
    "   # val3 =' '.join(map(str, insert_df.iloc[2]))\n",
    "   # val4 =' '.join(map(str, insert_df.iloc[3]))\n",
    "   # val5 =' '.join(map(str, insert_df.iloc[4]))\n",
    "   # val6 =' '.join(map(str, insert_df.iloc[5]))\n",
    "   # val7 =' '.join(map(str, insert_df.iloc[6]))\n",
    "   # val8 =' '.join(map(str, insert_df.iloc[7]))\n",
    "   # oracle_cur.execute(\"delete from PLAYER_EQ where PLAYER_ID = TO_NUMBER(\"+val6+\")\")\n",
    "   # oracle_cur.execute(insert_statement,\n",
    "   #                  (val1,val2,val3,val4,val5,val6,val7,val8))\n",
    "   # oracle_con.commit()\n",
    "   # print('Committed: ' + val7)\n",
    "except Exception as e:\n",
    "    logging.exception(\"message\")\n",
    "\n",
    "oracle_cur.close()        \n",
    "oracle_con.close()\n",
    "\n",
    "\n",
    "model11.summary()"
   ]
  },
  {
   "cell_type": "code",
   "execution_count": 16,
   "metadata": {
    "collapsed": false
   },
   "outputs": [
    {
     "data": {
      "text/html": [
       "<div>\n",
       "<table border=\"1\" class=\"dataframe\">\n",
       "  <thead>\n",
       "    <tr style=\"text-align: right;\">\n",
       "      <th></th>\n",
       "      <th>PLAYER_ID</th>\n",
       "      <th>SEASON</th>\n",
       "      <th>MIN</th>\n",
       "      <th>LAST_GAME</th>\n",
       "      <th>DFS</th>\n",
       "      <th>FP_MIN</th>\n",
       "      <th>GAME_PER</th>\n",
       "      <th>SEASON_PER</th>\n",
       "      <th>L5_PER</th>\n",
       "      <th>SEASON_MIN</th>\n",
       "      <th>L3_MIN</th>\n",
       "      <th>MIN_STD_DEV</th>\n",
       "    </tr>\n",
       "  </thead>\n",
       "  <tbody>\n",
       "    <tr>\n",
       "      <th>PLAYER_ID</th>\n",
       "      <td>1.000000</td>\n",
       "      <td>0.209984</td>\n",
       "      <td>-0.046770</td>\n",
       "      <td>-0.002940</td>\n",
       "      <td>-0.045019</td>\n",
       "      <td>-0.051266</td>\n",
       "      <td>-0.014080</td>\n",
       "      <td>-0.092646</td>\n",
       "      <td>-0.039424</td>\n",
       "      <td>-0.136932</td>\n",
       "      <td>-0.082566</td>\n",
       "      <td>0.069086</td>\n",
       "    </tr>\n",
       "    <tr>\n",
       "      <th>SEASON</th>\n",
       "      <td>0.209984</td>\n",
       "      <td>1.000000</td>\n",
       "      <td>-0.023668</td>\n",
       "      <td>-0.017297</td>\n",
       "      <td>0.001679</td>\n",
       "      <td>0.025624</td>\n",
       "      <td>0.017655</td>\n",
       "      <td>0.009835</td>\n",
       "      <td>0.018007</td>\n",
       "      <td>-0.011843</td>\n",
       "      <td>-0.018579</td>\n",
       "      <td>-0.162432</td>\n",
       "    </tr>\n",
       "    <tr>\n",
       "      <th>MIN</th>\n",
       "      <td>-0.046770</td>\n",
       "      <td>-0.023668</td>\n",
       "      <td>1.000000</td>\n",
       "      <td>-0.031241</td>\n",
       "      <td>0.644390</td>\n",
       "      <td>0.176856</td>\n",
       "      <td>-0.078133</td>\n",
       "      <td>0.249807</td>\n",
       "      <td>0.179364</td>\n",
       "      <td>0.627351</td>\n",
       "      <td>0.649042</td>\n",
       "      <td>-0.097274</td>\n",
       "    </tr>\n",
       "    <tr>\n",
       "      <th>LAST_GAME</th>\n",
       "      <td>-0.002940</td>\n",
       "      <td>-0.017297</td>\n",
       "      <td>-0.031241</td>\n",
       "      <td>1.000000</td>\n",
       "      <td>-0.011092</td>\n",
       "      <td>0.014194</td>\n",
       "      <td>0.005709</td>\n",
       "      <td>0.006591</td>\n",
       "      <td>-0.010776</td>\n",
       "      <td>0.010573</td>\n",
       "      <td>-0.006607</td>\n",
       "      <td>-0.002744</td>\n",
       "    </tr>\n",
       "    <tr>\n",
       "      <th>DFS</th>\n",
       "      <td>-0.045019</td>\n",
       "      <td>0.001679</td>\n",
       "      <td>0.644390</td>\n",
       "      <td>-0.011092</td>\n",
       "      <td>1.000000</td>\n",
       "      <td>0.450470</td>\n",
       "      <td>0.555297</td>\n",
       "      <td>0.425210</td>\n",
       "      <td>0.294288</td>\n",
       "      <td>0.476036</td>\n",
       "      <td>0.458556</td>\n",
       "      <td>-0.150167</td>\n",
       "    </tr>\n",
       "    <tr>\n",
       "      <th>FP_MIN</th>\n",
       "      <td>-0.051266</td>\n",
       "      <td>0.025624</td>\n",
       "      <td>0.176856</td>\n",
       "      <td>0.014194</td>\n",
       "      <td>0.450470</td>\n",
       "      <td>1.000000</td>\n",
       "      <td>0.197684</td>\n",
       "      <td>0.868840</td>\n",
       "      <td>0.576298</td>\n",
       "      <td>0.352514</td>\n",
       "      <td>0.298503</td>\n",
       "      <td>-0.232764</td>\n",
       "    </tr>\n",
       "    <tr>\n",
       "      <th>GAME_PER</th>\n",
       "      <td>-0.014080</td>\n",
       "      <td>0.017655</td>\n",
       "      <td>-0.078133</td>\n",
       "      <td>0.005709</td>\n",
       "      <td>0.555297</td>\n",
       "      <td>0.197684</td>\n",
       "      <td>1.000000</td>\n",
       "      <td>0.177602</td>\n",
       "      <td>0.116091</td>\n",
       "      <td>-0.032519</td>\n",
       "      <td>-0.061079</td>\n",
       "      <td>-0.057179</td>\n",
       "    </tr>\n",
       "    <tr>\n",
       "      <th>SEASON_PER</th>\n",
       "      <td>-0.092646</td>\n",
       "      <td>0.009835</td>\n",
       "      <td>0.249807</td>\n",
       "      <td>0.006591</td>\n",
       "      <td>0.425210</td>\n",
       "      <td>0.868840</td>\n",
       "      <td>0.177602</td>\n",
       "      <td>1.000000</td>\n",
       "      <td>0.651015</td>\n",
       "      <td>0.451127</td>\n",
       "      <td>0.384409</td>\n",
       "      <td>-0.272401</td>\n",
       "    </tr>\n",
       "    <tr>\n",
       "      <th>L5_PER</th>\n",
       "      <td>-0.039424</td>\n",
       "      <td>0.018007</td>\n",
       "      <td>0.179364</td>\n",
       "      <td>-0.010776</td>\n",
       "      <td>0.294288</td>\n",
       "      <td>0.576298</td>\n",
       "      <td>0.116091</td>\n",
       "      <td>0.651015</td>\n",
       "      <td>1.000000</td>\n",
       "      <td>0.263491</td>\n",
       "      <td>0.304289</td>\n",
       "      <td>-0.147626</td>\n",
       "    </tr>\n",
       "    <tr>\n",
       "      <th>SEASON_MIN</th>\n",
       "      <td>-0.136932</td>\n",
       "      <td>-0.011843</td>\n",
       "      <td>0.627351</td>\n",
       "      <td>0.010573</td>\n",
       "      <td>0.476036</td>\n",
       "      <td>0.352514</td>\n",
       "      <td>-0.032519</td>\n",
       "      <td>0.451127</td>\n",
       "      <td>0.263491</td>\n",
       "      <td>1.000000</td>\n",
       "      <td>0.846434</td>\n",
       "      <td>-0.291511</td>\n",
       "    </tr>\n",
       "    <tr>\n",
       "      <th>L3_MIN</th>\n",
       "      <td>-0.082566</td>\n",
       "      <td>-0.018579</td>\n",
       "      <td>0.649042</td>\n",
       "      <td>-0.006607</td>\n",
       "      <td>0.458556</td>\n",
       "      <td>0.298503</td>\n",
       "      <td>-0.061079</td>\n",
       "      <td>0.384409</td>\n",
       "      <td>0.304289</td>\n",
       "      <td>0.846434</td>\n",
       "      <td>1.000000</td>\n",
       "      <td>-0.151504</td>\n",
       "    </tr>\n",
       "    <tr>\n",
       "      <th>MIN_STD_DEV</th>\n",
       "      <td>0.069086</td>\n",
       "      <td>-0.162432</td>\n",
       "      <td>-0.097274</td>\n",
       "      <td>-0.002744</td>\n",
       "      <td>-0.150167</td>\n",
       "      <td>-0.232764</td>\n",
       "      <td>-0.057179</td>\n",
       "      <td>-0.272401</td>\n",
       "      <td>-0.147626</td>\n",
       "      <td>-0.291511</td>\n",
       "      <td>-0.151504</td>\n",
       "      <td>1.000000</td>\n",
       "    </tr>\n",
       "  </tbody>\n",
       "</table>\n",
       "</div>"
      ],
      "text/plain": [
       "             PLAYER_ID    SEASON       MIN  LAST_GAME       DFS    FP_MIN  \\\n",
       "PLAYER_ID     1.000000  0.209984 -0.046770  -0.002940 -0.045019 -0.051266   \n",
       "SEASON        0.209984  1.000000 -0.023668  -0.017297  0.001679  0.025624   \n",
       "MIN          -0.046770 -0.023668  1.000000  -0.031241  0.644390  0.176856   \n",
       "LAST_GAME    -0.002940 -0.017297 -0.031241   1.000000 -0.011092  0.014194   \n",
       "DFS          -0.045019  0.001679  0.644390  -0.011092  1.000000  0.450470   \n",
       "FP_MIN       -0.051266  0.025624  0.176856   0.014194  0.450470  1.000000   \n",
       "GAME_PER     -0.014080  0.017655 -0.078133   0.005709  0.555297  0.197684   \n",
       "SEASON_PER   -0.092646  0.009835  0.249807   0.006591  0.425210  0.868840   \n",
       "L5_PER       -0.039424  0.018007  0.179364  -0.010776  0.294288  0.576298   \n",
       "SEASON_MIN   -0.136932 -0.011843  0.627351   0.010573  0.476036  0.352514   \n",
       "L3_MIN       -0.082566 -0.018579  0.649042  -0.006607  0.458556  0.298503   \n",
       "MIN_STD_DEV   0.069086 -0.162432 -0.097274  -0.002744 -0.150167 -0.232764   \n",
       "\n",
       "             GAME_PER  SEASON_PER    L5_PER  SEASON_MIN    L3_MIN  MIN_STD_DEV  \n",
       "PLAYER_ID   -0.014080   -0.092646 -0.039424   -0.136932 -0.082566     0.069086  \n",
       "SEASON       0.017655    0.009835  0.018007   -0.011843 -0.018579    -0.162432  \n",
       "MIN         -0.078133    0.249807  0.179364    0.627351  0.649042    -0.097274  \n",
       "LAST_GAME    0.005709    0.006591 -0.010776    0.010573 -0.006607    -0.002744  \n",
       "DFS          0.555297    0.425210  0.294288    0.476036  0.458556    -0.150167  \n",
       "FP_MIN       0.197684    0.868840  0.576298    0.352514  0.298503    -0.232764  \n",
       "GAME_PER     1.000000    0.177602  0.116091   -0.032519 -0.061079    -0.057179  \n",
       "SEASON_PER   0.177602    1.000000  0.651015    0.451127  0.384409    -0.272401  \n",
       "L5_PER       0.116091    0.651015  1.000000    0.263491  0.304289    -0.147626  \n",
       "SEASON_MIN  -0.032519    0.451127  0.263491    1.000000  0.846434    -0.291511  \n",
       "L3_MIN      -0.061079    0.384409  0.304289    0.846434  1.000000    -0.151504  \n",
       "MIN_STD_DEV -0.057179   -0.272401 -0.147626   -0.291511 -0.151504     1.000000  "
      ]
     },
     "execution_count": 16,
     "metadata": {},
     "output_type": "execute_result"
    }
   ],
   "source": [
    "oracle_df.corr(method='pearson')"
   ]
  },
  {
   "cell_type": "code",
   "execution_count": null,
   "metadata": {
    "collapsed": false
   },
   "outputs": [],
   "source": []
  }
 ],
 "metadata": {
  "anaconda-cloud": {},
  "kernelspec": {
   "display_name": "Python [default]",
   "language": "python",
   "name": "python3"
  },
  "language_info": {
   "codemirror_mode": {
    "name": "ipython",
    "version": 3
   },
   "file_extension": ".py",
   "mimetype": "text/x-python",
   "name": "python",
   "nbconvert_exporter": "python",
   "pygments_lexer": "ipython3",
   "version": "3.5.2"
  }
 },
 "nbformat": 4,
 "nbformat_minor": 1
}
